53	3	2
1	3	5
4	1	5
7	8	6
6	45	7
4	5	6
1	9	10
2	1	10
9	1	4
11	9	4
6	8	12
4	12	11
12	8	14
13	8	54
14	8	13
15	26	13
9	16	17
10	9	17
11	16	9
23	11	18
12	18	11
14	19	18
20	19	14
12	14	18
14	26	20
14	13	26
23	16	11
17	24	22
17	16	24
16	23	24
25	18	19
25	23	18
20	27	19
25	19	29
20	68	75
26	15	21
24	23	28
25	29	83
28	25	83
27	29	19
32	30	31
32	34	30
30	34	33
45	44	35
33	35	44
38	39	106
35	36	37
37	106	39
40	41	42
42	31	40
43	40	30
40	31	30
43	30	33
5	3	44
33	36	35
33	34	36
35	46	45
46	35	37
115	47	48
37	39	115
37	115	46
57	55	47
60	66	52
41	53	50
120	41	50
53	41	40
53	43	3
53	40	43
2	3	1
44	43	33
3	43	44
45	5	44
5	45	6
46	7	45
54	7	48
46	48	7
48	55	54
8	7	54
57	47	49
47	55	48
57	49	56
56	58	57
59	60	52
52	50	59
61	59	10
50	53	2
2	59	50
2	10	59
6	12	4
15	55	62
15	54	55
15	13	54
62	57	58
57	62	55
62	58	63
64	63	58
60	59	61
60	61	67
67	65	60
65	66	60
61	10	17
22	61	17
63	69	21
68	21	69
62	63	21
62	21	15
63	70	69
63	64	70
135	65	71
72	139	71
71	65	73
73	65	67
74	73	67
22	67	61
22	74	67
22	24	80
27	20	75
21	68	26
68	20	26
86	75	76
77	76	69
78	76	77
76	68	69
70	77	69
72	71	79
74	81	73
71	73	79
73	81	79
28	80	24
88	74	80
28	83	82
28	82	80
74	22	80
83	29	84
28	23	25
85	84	29
86	27	75
27	85	29
76	75	68
86	85	27
76	78	86
86	78	87
74	88	81
88	80	82
89	88	82
88	89	90
92	91	89
92	89	82
83	84	92
92	82	83
84	93	94
92	84	94
85	93	84
85	86	87
95	93	87
87	93	85
96	90	89
97	96	91
89	91	96
94	98	91
92	94	91
91	98	97
102	99	100
101	103	102
102	100	101
103	105	32
105	104	34
104	105	107
106	104	107
107	109	106
38	106	109
177	185	108
113	114	122
113	181	111
111	100	99
111	99	114
99	102	31
99	42	114
31	102	32
34	32	105
32	102	103
36	104	106
36	34	104
109	108	38
106	37	36
38	108	118
39	38	110
39	110	116
116	115	39
110	117	116
116	117	49
118	119	117
126	127	121
120	126	123
122	195	113
123	122	114
114	113	111
123	114	42
41	123	42
99	31	42
46	115	48
125	49	117
116	47	115
49	47	116
49	125	124
119	125	117
121	122	126
123	126	122
51	120	52
51	126	120
50	52	120
120	123	41
128	56	124
49	124	56
56	128	58
124	196	129
128	124	129
133	128	134
127	51	131
127	126	51
131	132	127
66	51	52
58	128	64
133	137	64
128	129	134
129	130	134
131	135	136
132	131	136
131	51	66
131	66	135
128	133	64
70	64	137
134	130	209
133	134	209
140	136	139
139	136	135
135	71	139
135	66	65
77	142	141
137	142	70
77	141	78
142	77	70
138	143	137
137	143	142
140	72	144
145	72	79
146	72	145
139	72	140
144	72	146
145	79	152
141	147	78
78	147	87
148	156	141
142	148	141
147	141	156
143	148	142
151	216	146
151	146	145
152	150	145
79	81	152
88	90	81
158	152	90
93	153	94
153	95	154
162	153	154
155	156	222
147	95	87
154	95	155
155	95	147
148	149	156
150	158	160
151	150	157
152	158	150
158	90	96
158	96	159
158	159	160
81	90	152
96	97	159
167	166	159
97	98	161
162	168	161
153	98	94
162	98	153
162	154	163
95	153	93
155	222	165
163	154	165
154	155	165
228	160	166
167	97	161
97	167	159
162	161	98
235	161	168
162	163	168
163	169	168
229	163	165
246	183	171
172	174	170
170	174	173
174	175	173
174	176	175
175	176	177
177	176	178
178	179	185
256	180	181
100	182	101
183	101	182
100	180	182
170	103	101
183	172	170
170	101	183
103	170	173
105	103	173
105	173	107
107	173	175
107	175	109
109	175	177
118	108	184
108	109	177
177	178	185
185	184	108
187	186	184
185	187	184
186	257	188
259	189	190
256	189	191
181	180	111
181	113	112
189	181	112
111	180	100
117	110	118
119	184	186
38	118	110
186	192	119
188	193	194
192	186	188
119	118	184
192	188	194
112	195	190
113	195	112
195	122	121
190	189	112
192	196	125
119	192	125
197	196	194
194	196	192
203	199	202
198	121	127
121	200	195
198	200	121
196	124	125
201	130	197
129	196	197
197	130	129
202	199	198
200	198	199
132	202	198
127	132	198
205	204	201
201	204	130
130	204	209
204	205	206
207	202	132
208	203	202
207	132	136
207	208	202
138	137	133
133	209	138
214	209	204
206	214	204
212	208	211
211	208	207
140	211	207
136	140	207
138	209	214
138	214	213
143	138	213
210	214	206
211	217	212
144	216	217
217	211	144
217	215	212
140	144	211
146	216	144
213	219	143
219	218	149
219	148	143
219	149	148
216	221	217
216	220	221
150	151	145
151	225	216
155	147	156
223	218	284
156	149	222
149	223	222
149	218	223
218	219	276
286	283	278
227	225	226
220	216	225
225	157	226
157	225	151
157	228	226
157	150	160
157	160	228
165	164	229
164	222	223
230	164	231
229	164	230
165	222	164
164	223	231
226	232	291
232	226	228
233	232	228
234	233	166
159	166	160
233	228	166
166	167	234
236	234	235
234	167	235
168	237	235
161	235	167
238	239	237
238	237	169
168	169	237
240	169	229
229	169	163
169	240	238
229	230	240
236	237	239
242	241	239
239	241	236
237	236	235
315	245	243
171	243	245
245	246	171
172	183	246
246	307	172
172	247	174
176	174	247
248	176	247
249	178	248
248	178	176
249	179	178
179	249	251
249	250	251
251	250	252
253	254	328
191	255	256
180	256	244
191	253	255
244	182	180
183	182	171
244	243	171
244	171	182
251	187	179
179	187	185
252	319	251
257	187	251
186	187	257
258	188	257
191	189	259
254	253	191
254	191	259
189	256	181
193	188	258
260	193	258
261	265	193
260	261	193
263	330	264
262	264	190
190	200	262
264	259	190
265	194	193
266	269	261
265	197	194
269	266	267
262	268	263
262	200	199
262	199	268
195	200	190
197	265	201
201	265	269
269	267	270
269	265	261
268	199	203
271	268	203
201	269	205
272	206	205
269	270	205
270	272	205
203	208	273
271	203	273
274	277	272
206	272	277
212	275	273
208	212	273
213	214	210
277	210	206
277	281	210
276	213	210
215	275	212
215	278	279
215	279	275
221	215	217
219	213	276
280	276	281
218	276	280
276	210	281
278	282	279
283	282	278
221	286	278
278	215	221
284	218	280
280	224	284
280	285	224
285	357	224
220	286	221
225	227	220
220	227	286
286	227	287
230	231	288
231	284	288
231	223	284
290	289	288
284	290	288
284	224	290
287	227	291
291	227	226
293	232	292
292	232	233
232	293	291
233	294	292
233	234	294
234	236	294
239	238	295
238	240	295
297	295	240
297	240	296
240	230	296
230	288	298
230	298	296
288	289	298
292	299	293
292	300	299
292	294	300
300	241	301
241	294	236
300	294	241
241	242	301
301	242	302
242	295	303
295	242	239
242	303	302
295	297	303
304	305	306
304	308	307
304	306	308
310	309	308
308	309	307
309	310	311
315	313	314
313	315	312
312	315	243
244	255	243
245	315	305
304	245	305
246	245	304
307	247	172
304	307	246
309	248	247
307	309	247
309	311	248
248	311	249
316	250	311
250	316	317
311	250	249
250	317	252
320	252	318
252	317	318
319	252	320
322	253	321
322	312	253
255	253	312
312	322	313
244	256	255
243	255	312
251	319	257
319	258	257
325	320	324
323	319	320
319	323	258
323	320	325
326	327	328
326	259	264
328	321	253
328	254	326
258	323	260
329	260	323
325	329	323
266	260	329
326	264	330
327	326	330
262	263	264
254	259	326
261	260	266
266	329	331
267	331	332
267	266	331
333	334	335
268	333	263
263	333	335
263	335	330
336	267	332
336	270	267
333	337	334
334	337	338
271	333	268
271	337	333
270	339	272
270	336	339
341	337	340
341	338	337
340	271	273
340	337	271
342	274	339
339	274	272
341	343	401
275	279	343
275	340	273
343	340	275
345	274	342
345	347	274
344	282	346
343	279	344
281	347	285
348	352	345
274	347	277
347	281	277
344	279	282
350	346	349
346	282	349
282	283	349
280	281	285
352	285	347
352	357	285
352	347	345
349	353	350
354	355	353
286	287	283
354	353	349
283	354	349
283	287	354
412	290	357
412	289	290
351	357	352
357	290	224
354	287	358
358	291	293
358	287	291
355	354	358
359	293	299
359	358	293
296	361	297
298	361	296
363	361	362
361	298	362
289	356	362
298	289	362
360	299	365
360	359	299
299	300	365
422	360	365
365	301	366
365	300	301
366	302	367
366	301	302
367	302	368
368	302	303
369	297	361
369	303	297
368	303	369
361	363	369
306	370	371
306	305	370
306	371	372
308	306	372
372	373	375
308	372	310
375	373	374
375	310	372
316	310	375
375	374	376
313	378	314
313	377	378
314	378	379
370	314	379
305	314	370
305	315	314
311	310	316
316	375	376
317	316	376
317	376	380
382	380	381
318	317	380
324	318	382
382	318	380
321	383	377
377	383	384
377	322	321
377	313	322
320	318	324
324	382	385
324	386	325
324	385	386
388	327	387
388	328	327
321	388	383
321	328	388
389	325	386
390	389	386
389	329	325
389	390	391
327	392	387
327	330	392
329	389	331
331	389	391
393	332	391
332	331	391
335	334	395
395	334	394
335	395	392
330	335	392
396	332	393
396	336	332
394	334	338
397	394	338
398	336	396
398	339	336
341	399	338
338	399	397
342	339	398
400	403	398
341	340	343
402	399	401
399	341	401
343	344	401
348	342	403
403	342	398
401	404	402
346	405	404
401	344	404
344	346	404
348	345	342
406	348	403
350	407	405
346	350	405
408	351	409
409	351	352
409	348	406
348	409	352
407	350	410
410	350	353
411	353	355
411	410	353
356	289	412
412	357	351
413	351	408
413	412	351
358	359	355
355	414	411
414	359	360
416	467	415
414	355	359
414	360	415
363	362	418
417	363	418
413	356	412
418	362	356
418	356	419
356	413	419
415	364	416
420	416	421
421	416	364
415	360	422
364	415	422
423	364	422
422	366	423
422	365	366
366	367	423
423	367	424
367	368	425
424	367	425
425	368	426
426	368	369
369	363	426
426	363	417
370	427	371
429	427	428
371	427	429
373	371	429
373	429	430
373	372	371
374	430	431
374	373	430
374	431	432
376	374	432
377	433	378
378	433	434
378	434	379
379	434	435
379	435	427
370	379	427
381	432	436
380	376	432
381	436	437
381	380	432
381	437	438
382	381	438
383	439	384
384	439	440
384	440	433
377	384	433
385	438	441
385	382	438
385	441	442
386	385	442
387	443	444
388	387	444
383	444	439
383	388	444
390	386	442
445	390	442
390	445	446
391	390	446
387	447	443
387	392	447
393	391	446
448	451	446
450	394	449
450	395	394
392	395	447
447	395	450
453	393	451
451	393	446
394	397	449
449	397	452
400	396	453
453	396	393
397	454	452
397	399	454
400	398	396
455	400	453
402	456	454
399	402	454
403	400	457
457	400	455
402	404	458
456	402	458
458	405	459
458	404	405
406	403	457
460	406	457
405	407	459
459	407	464
408	409	463
462	408	463
409	406	463
463	406	460
407	410	465
461	459	464
410	411	467
464	407	465
413	408	466
466	408	462
411	414	415
465	410	467
467	411	415
468	467	416
417	418	470
469	417	470
418	419	470
470	419	471
419	413	466
471	419	466
468	420	472
468	416	420
420	421	473
472	420	473
475	364	423
473	421	474
421	364	475
474	421	475
475	424	476
475	423	424
424	425	477
476	424	477
425	426	478
477	425	478
426	417	478
539	478	469
427	435	428
428	479	480
481	428	480
429	428	481
430	481	482
430	429	481
484	482	483
484	431	482
431	430	482
431	484	436
433	485	434
434	485	486
479	486	487
435	434	486
435	486	479
479	487	488
428	435	479
479	488	480
484	483	489
436	484	490
490	484	489
436	432	431
437	490	491
492	437	491
437	436	490
437	492	438
439	493	440
440	493	494
440	494	485
433	440	485
492	491	495
441	492	496
496	492	495
441	438	492
441	496	497
442	441	497
443	498	499
444	443	499
439	444	499
493	439	499
501	497	496
501	503	497
445	442	497
445	497	503
443	502	498
443	447	502
501	500	561
503	448	445
445	448	446
504	448	503
449	505	450
450	505	502
502	505	506
447	450	502
507	448	504
507	451	448
505	508	509
449	452	508
449	508	505
505	509	506
510	451	507
510	453	451
454	511	452
452	511	569
455	453	510
512	516	510
456	513	514
511	456	514
454	456	511
513	517	514
516	455	510
516	457	455
456	458	513
513	459	461
513	458	459
514	517	515
518	460	516
516	460	457
461	519	520
517	513	461
517	461	520
519	584	520
462	463	523
522	462	523
463	460	523
523	460	518
461	464	519
464	465	524
519	464	524
519	524	528
525	526	527
466	462	525
526	525	522
525	462	522
465	467	468
524	465	468
528	524	472
472	524	468
528	529	530
529	531	589
532	469	533
533	469	470
527	471	525
527	533	471
533	470	471
471	466	525
528	472	529
472	473	531
531	473	534
529	472	531
534	473	474
535	534	474
474	475	476
535	474	476
535	476	537
536	535	537
537	477	539
537	476	477
538	537	539
539	477	478
539	469	532
469	478	417
480	540	481
481	540	482
483	540	541
482	540	483
485	542	486
487	542	543
487	486	542
487	543	544
488	544	545
488	487	544
488	545	546
540	480	546
480	488	546
541	540	546
547	541	546
548	541	547
548	483	541
489	483	548
489	548	607
490	489	549
491	549	550
491	490	549
493	551	494
494	551	552
553	543	552
485	494	542
542	494	552
542	552	543
555	550	554
495	491	550
495	550	555
556	496	495
556	495	555
496	556	501
498	557	499
499	557	493
551	557	563
493	557	551
553	558	559
551	558	552
556	555	560
500	501	556
560	500	556
619	500	560
557	562	563
557	498	562
498	502	506
551	563	558
501	561	503
565	561	500
568	561	565
503	561	504
506	566	562
498	506	562
565	564	567
571	504	568
567	568	565
568	504	561
508	569	570
625	509	570
570	509	508
506	509	566
571	507	504
571	512	507
511	572	569
508	452	569
570	569	573
573	569	572
512	510	507
574	512	571
511	514	572
572	515	575
572	514	515
572	575	573
576	512	574
576	516	512
515	577	635
515	517	577
583	578	580
518	516	576
579	518	576
578	518	579
577	520	521
577	517	520
581	521	582
581	577	521
522	523	578
583	522	578
580	578	579
523	518	578
520	584	521
521	584	585
521	585	582
584	530	585
587	526	588
587	527	526
526	522	583
588	526	583
519	528	584
528	530	584
649	530	589
585	530	649
530	529	589
589	531	590
589	590	591
590	592	591
600	594	595
532	533	596
594	593	596
593	532	596
596	527	587
596	533	527
531	534	590
534	535	597
592	590	597
590	534	597
597	535	536
598	597	536
536	537	538
598	536	599
599	538	593
599	536	538
594	600	593
593	600	599
532	538	539
538	532	593
543	601	544
544	601	602
603	604	602
545	544	602
547	545	604
604	545	602
547	604	605
547	546	545
547	605	606
548	547	606
548	606	607
549	607	608
549	489	607
549	608	550
601	609	610
553	552	558
553	609	601
603	610	611
543	553	601
601	610	602
607	606	612
607	612	608
615	612	613
615	608	612
615	554	608
554	550	608
618	554	615
554	614	555
559	558	616
677	559	616
559	617	609
553	559	609
614	554	618
560	614	620
682	614	618
560	555	614
619	560	620
500	619	565
562	621	563
616	621	622
616	563	621
558	563	616
619	620	623
564	565	619
623	564	619
624	564	623
566	625	626
621	566	626
562	566	621
621	626	622
564	624	627
628	567	627
567	564	627
567	628	630
570	629	625
566	509	625
634	627	631
634	628	627
630	568	567
630	571	568
573	632	629
570	573	629
630	628	633
634	631	700
574	571	630
633	574	630
575	635	636
632	573	575
632	575	636
635	640	636
642	633	639
639	633	628
638	574	633
638	576	574
577	581	635
575	515	635
636	640	637
637	640	641
580	579	638
633	642	638
642	580	638
579	576	638
635	581	640
640	581	644
645	644	643
644	581	582
641	640	644
582	643	644
648	647	702
583	580	646
647	580	642
646	580	647
582	585	586
651	586	649
650	643	586
643	582	586
710	643	650
586	651	650
664	653	654
652	588	653
647	653	646
652	587	588
653	588	646
588	583	646
586	585	649
651	591	655
651	649	591
649	589	591
591	592	655
657	592	656
655	592	657
656	658	659
657	656	659
658	660	659
727	660	661
661	660	663
663	660	662
595	594	652
663	595	664
662	595	663
594	596	587
653	664	652
664	595	652
594	587	652
592	597	656
597	598	656
656	598	658
598	599	658
658	599	600
660	658	662
662	658	600
600	595	662
602	610	603
674	665	671
605	604	665
604	603	665
673	666	728
605	667	606
609	668	610
611	668	669
611	610	668
611	669	670
671	611	670
603	611	671
665	603	671
666	671	670
666	674	671
730	731	736
667	605	665
674	667	665
674	613	667
612	606	667
613	674	675
676	613	675
613	612	667
613	676	615
559	677	617
617	677	678
679	617	678
668	617	679
668	609	617
669	668	679
733	669	679
669	680	670
676	675	681
683	676	681
618	615	676
618	676	683
682	618	683
614	682	620
616	622	677
677	622	684
678	684	685
678	677	684
682	683	686
620	682	688
688	682	686
623	620	688
687	623	688
623	687	624
625	689	626
626	689	690
622	626	690
684	690	691
684	622	690
684	691	685
687	688	748
692	687	693
692	624	687
692	631	624
625	629	689
689	629	694
689	694	695
690	689	695
692	693	696
696	697	692
692	697	631
624	631	627
632	698	694
629	632	694
761	756	699
701	755	698
634	639	628
700	631	697
632	636	698
698	637	701
698	636	637
755	701	699
708	703	700
703	639	634
703	634	700
703	702	639
766	705	707
637	641	706
637	706	701
641	705	706
709	703	708
779	704	770
642	639	702
703	709	702
641	644	645
711	645	710
711	772	707
711	705	645
645	705	641
710	712	711
713	714	715
648	653	647
709	648	702
713	648	709
714	713	709
647	642	702
645	643	710
650	651	716
717	650	716
710	650	717
780	710	717
716	718	719
780	717	719
718	720	719
721	722	787
721	724	725
722	721	725
715	725	713
713	725	654
648	654	653
725	724	654
654	648	713
651	655	716
655	657	718
716	655	718
720	718	726
726	657	659
718	657	726
659	660	727
726	659	727
661	663	724
723	661	721
727	661	723
721	661	724
724	663	664
664	654	724
670	728	666
673	728	672
672	728	734
731	672	736
673	675	666
738	730	737
739	673	672
674	666	675
678	732	679
733	732	743
680	669	733
742	795	743
728	670	680
728	680	734
736	734	744
736	672	734
735	730	736
729	730	735
730	729	737
745	731	738
731	739	672
731	730	738
681	673	739
681	675	673
740	739	745
681	740	683
685	741	732
678	685	732
743	741	751
743	732	741
733	679	732
795	733	743
734	680	795
736	744	735
793	809	797
681	739	740
747	745	746
740	745	747
686	740	747
748	686	747
686	683	740
686	748	688
690	695	691
741	685	750
750	685	691
750	691	749
741	750	757
799	742	751
754	753	752
747	746	753
748	747	753
693	753	754
693	687	748
753	693	748
749	755	699
691	695	749
749	695	755
757	750	756
750	749	756
741	757	751
752	753	746
758	754	752
760	754	758
760	696	754
696	693	754
696	760	765
694	698	755
695	694	755
749	699	756
767	762	805
763	760	759
763	765	760
771	759	764
760	758	759
765	704	697
696	765	697
699	706	766
761	766	767
769	768	767
761	767	805
766	761	699
762	767	768
824	764	810
770	704	765
763	770	765
700	704	708
759	771	763
704	700	697
699	701	706
769	707	772
767	766	707
766	706	705
767	707	769
774	772	773
819	768	774
773	775	825
778	789	771
776	779	777
763	777	770
777	779	770
779	714	708
704	779	708
707	705	711
772	711	712
775	773	712
773	772	712
775	712	780
781	780	719
775	780	781
827	783	784
826	821	783
783	782	784
784	790	785
785	787	786
788	786	787
787	722	788
776	789	788
828	789	778
715	714	779
776	715	779
777	789	776
714	709	708
712	710	780
782	775	781
719	717	716
784	782	790
720	781	719
790	781	720
785	790	791
785	786	784
787	723	721
785	791	723
787	785	723
722	725	715
788	722	776
722	715	776
720	726	791
726	727	791
790	720	791
727	723	791
735	796	729
729	792	793
797	729	793
737	729	797
742	794	744
744	734	795
795	680	733
735	744	794
742	744	795
729	796	792
808	816	802
801	792	796
798	737	797
798	746	738
745	739	731
745	738	746
743	751	742
794	799	800
794	742	799
800	796	794
735	794	796
801	796	800
808	802	801
811	793	802
798	797	803
798	738	737
752	798	803
809	804	803
752	746	798
752	803	758
756	761	805
799	751	806
806	751	757
806	757	805
799	806	812
808	801	807
800	799	812
801	800	807
802	792	801
802	793	792
797	809	803
810	809	811
818	810	811
804	758	803
759	758	804
810	764	804
806	762	812
757	756	805
805	762	806
807	812	813
800	812	807
814	807	813
808	807	814
822	814	815
808	814	822
811	802	816
818	811	816
822	818	816
810	804	809
764	759	804
818	824	810
809	793	811
812	762	813
814	813	819
774	768	769
813	762	768
815	819	820
819	813	768
821	815	820
815	814	819
822	816	808
817	815	821
817	822	815
824	817	823
817	818	822
778	764	824
771	777	763
817	824	818
769	772	774
774	773	820
820	773	825
819	774	820
781	790	782
825	821	820
817	821	826
786	827	784
823	827	828
823	817	826
823	778	824
823	828	778
777	771	789
778	771	764
775	782	825
821	825	783
783	825	782
823	826	827
827	826	783
828	786	788
827	786	828
788	789	828
