1	2	3
1	3	5
4	1	5
4	5	7
6	4	7
6	7	9
8	6	9
8	9	11
10	8	11
10	11	12
13	14	15
13	15	17
16	13	17
16	17	2
18	16	2
18	2	1
1	4	19
18	1	19
4	6	20
19	4	20
6	8	21
20	6	21
8	10	22
21	8	22
10	12	23
24	10	23
22	10	24
25	23	26
25	24	23
25	26	27
28	29	30
28	30	32
31	28	32
31	32	14
33	31	14
33	14	13
13	16	34
33	13	34
16	18	35
34	16	35
18	19	36
35	18	36
19	20	36
36	20	37
20	21	37
37	21	38
21	22	38
38	22	39
22	24	39
39	24	40
24	25	40
40	25	41
25	27	41
43	27	42
41	27	43
46	42	45
44	43	42
44	42	46
47	69	49
47	49	29
50	47	29
50	29	28
28	31	51
50	28	51
31	33	52
51	31	52
33	34	53
52	33	53
34	35	54
55	34	54
53	34	55
54	35	56
56	35	36
56	37	57
56	36	37
37	38	58
57	37	58
38	39	59
58	38	59
39	40	61
61	40	60
59	39	61
40	41	60
60	41	62
41	43	62
62	43	63
43	44	63
63	44	64
44	46	65
64	44	65
64	65	66
66	65	296
47	68	69
48	49	69
47	50	70
68	47	70
50	51	71
70	50	71
73	52	72
73	51	52
71	51	73
72	53	74
72	52	53
53	55	74
60	75	305
60	62	76
75	60	76
62	63	78
78	63	77
76	62	78
63	64	77
77	64	79
64	66	79
79	66	80
66	67	81
80	66	81
82	83	84
82	84	85
68	84	69
85	84	68
68	70	86
85	68	86
88	71	87
88	70	71
86	70	88
71	73	87
77	89	78
77	79	89
91	89	90
89	79	90
79	80	90
90	80	92
80	81	93
92	80	93
92	93	94
94	93	95
82	96	97
83	82	97
82	85	98
96	82	98
85	86	99
98	85	99
99	86	100
100	86	88
91	101	102
91	90	101
90	92	101
101	92	103
92	94	103
103	94	104
94	95	105
104	94	105
106	107	108
106	108	109
96	108	97
109	108	96
96	98	110
109	96	110
112	99	111
112	98	99
110	98	112
99	100	111
101	113	102
101	103	113
115	103	104
113	103	115
115	104	114
114	104	116
116	105	117
116	104	105
116	117	118
118	117	119
106	120	121
107	106	121
106	109	122
120	106	122
109	110	122
122	110	123
123	110	124
124	110	112
115	114	126
126	114	125
114	116	127
125	114	127
116	118	127
127	118	128
118	119	129
128	118	129
120	130	131
121	120	131
120	122	132
130	120	132
122	123	132
132	123	133
133	123	134
134	123	124
126	125	136
136	125	135
125	127	137
135	125	137
127	128	137
137	128	138
128	129	139
138	128	139
130	140	141
131	130	141
130	132	142
140	130	142
132	133	142
142	133	143
133	134	144
143	133	144
135	145	146
136	135	146
135	137	147
145	135	147
137	138	147
147	138	148
138	139	149
148	138	149
140	150	151
141	140	151
140	142	152
150	140	152
142	143	152
152	143	153
143	144	154
153	143	154
145	155	156
146	145	156
145	147	157
155	145	157
157	148	158
157	147	148
148	149	159
172	148	159
150	160	151
150	152	161
162	150	161
160	150	162
152	153	161
161	153	163
153	154	164
163	153	164
163	164	165
165	164	166
167	168	169
167	169	170
155	169	156
170	169	155
155	157	171
170	155	171
379	158	172
173	171	158
171	157	158
158	148	172
162	174	175
162	161	174
161	163	174
174	163	176
163	165	176
176	165	177
165	166	178
177	165	178
167	179	180
168	167	180
167	170	181
179	167	181
170	171	182
181	170	182
182	173	183
182	171	173
174	186	175
186	176	185
186	184	175
186	174	176
176	177	185
185	177	187
177	178	188
187	177	188
187	188	189
189	188	190
191	192	193
191	193	194
179	193	180
194	193	179
179	181	195
194	179	195
197	195	196
196	181	182
195	181	196
182	183	196
186	185	199
199	185	198
185	187	198
198	187	200
187	189	200
217	189	201
189	190	201
201	190	202
201	202	203
204	202	205
204	203	202
204	205	405
207	208	414
207	414	211
210	207	211
210	211	192
212	210	192
212	192	191
191	194	213
212	191	213
194	195	214
213	194	214
214	197	215
214	195	197
198	216	404
198	200	216
218	200	217
216	200	218
200	189	217
217	201	219
201	203	219
219	203	220
203	204	220
220	204	221
204	206	221
223	206	222
221	206	223
224	223	222
225	224	222
229	225	227
226	224	225
226	225	229
228	226	229
228	229	231
230	228	231
230	231	208
232	230	208
232	208	207
207	210	233
232	207	233
210	212	234
233	210	234
212	213	235
234	212	235
213	214	236
237	235	236
235	213	236
214	215	236
217	239	218
217	219	239
238	218	239
219	220	241
241	220	240
239	219	241
220	221	240
240	221	242
221	223	242
242	223	243
243	224	244
243	223	224
224	226	245
244	224	245
226	228	246
245	226	246
228	230	247
246	228	247
230	232	248
247	230	248
232	233	249
248	232	249
251	234	250
251	233	234
249	233	251
250	235	237
250	234	235
250	237	252
240	253	241
240	242	254
253	240	254
242	243	256
256	243	255
254	242	256
243	244	255
255	244	257
244	245	257
257	245	258
245	246	258
258	246	259
259	247	260
259	246	247
260	248	261
262	260	261
260	247	248
261	249	263
261	248	249
249	251	263
255	264	256
255	257	265
264	255	265
257	258	266
265	257	266
258	259	267
266	258	267
259	260	268
267	259	268
260	262	268
269	270	271
272	271	273
272	269	271
274	3	273
273	3	272
3	2	272
5	274	275
5	3	274
5	275	7
7	275	276
9	276	277
9	7	276
11	277	278
11	9	277
11	278	12
280	12	279
12	278	279
280	279	282
281	280	282
281	282	283
284	285	286
270	284	286
270	15	284
15	14	284
269	15	270
17	269	272
17	15	269
17	272	2
12	280	23
26	280	281
26	23	280
288	281	283
287	26	281
287	281	288
287	27	26
45	288	289
290	291	292
293	290	292
293	30	290
30	29	290
30	293	285
284	32	285
32	30	285
32	284	14
27	287	42
42	287	45
45	287	288
45	289	294
45	294	46
296	65	295
46	294	295
296	295	297
48	298	291
290	49	291
49	48	291
49	290	29
55	54	299
54	56	300
299	54	300
300	57	302
302	57	304
300	56	57
57	58	304
304	58	303
301	302	304
303	59	305
303	58	59
59	61	305
46	295	65
306	296	297
306	67	296
67	66	296
307	308	309
69	307	48
48	307	309
48	309	298
73	72	310
312	74	311
312	310	74
310	72	74
74	55	311
311	55	299
311	299	313
299	300	314
313	299	314
300	302	314
303	315	304
315	303	316
316	303	305
316	75	317
305	61	60
305	75	316
319	76	318
319	75	76
317	75	319
76	78	318
81	67	321
321	67	306
320	81	321
320	321	322
323	324	325
308	323	325
308	83	323
307	83	308
307	84	83
84	307	69
88	87	326
87	73	310
327	87	310
327	310	328
327	326	87
310	312	328
318	329	319
78	89	318
318	89	330
329	330	331
329	318	330
89	91	330
81	320	93
333	320	322
333	95	320
95	93	320
332	95	333
332	333	334
324	335	336
324	323	335
97	335	323
83	97	323
100	88	326
338	337	326
337	100	326
326	327	338
330	339	331
102	340	339
330	91	339
91	102	339
105	95	332
341	117	332
341	334	342
341	332	334
107	343	336
335	108	107
335	107	336
108	335	97
112	111	344
111	100	337
345	111	337
344	111	345
102	113	346
340	102	346
340	346	347
113	115	352
105	332	117
348	119	342
342	119	341
119	117	341
107	121	343
343	121	349
350	124	344
344	124	112
344	345	351
350	344	351
347	352	353
347	346	352
113	352	346
115	126	352
354	129	348
348	129	119
131	355	349
121	131	349
134	124	350
357	356	350
356	134	350
350	351	357
352	358	353
136	367	358
126	136	358
126	358	352
139	129	354
360	139	354
141	361	355
131	141	355
144	134	356
363	362	356
362	144	356
362	363	364
365	366	367
146	365	367
136	146	367
358	367	359
149	139	360
368	149	360
151	369	361
141	151	361
154	144	362
370	154	362
370	364	371
370	362	364
366	365	373
373	365	372
156	372	365
146	156	365
159	149	368
374	159	368
151	160	376
376	160	375
369	151	376
160	162	375
154	370	164
166	370	371
377	166	371
166	164	370
168	378	373
372	168	373
169	168	372
169	372	156
173	158	379
172	159	374
380	172	374
379	172	380
375	381	382
376	375	382
162	175	375
375	175	381
384	166	377
384	383	178
384	178	166
383	384	385
386	387	388
180	386	388
168	180	388
168	388	378
389	173	379
389	183	173
379	380	390
389	379	390
381	391	382
393	184	392
393	381	184
381	175	184
391	381	393
184	186	199
178	383	188
188	383	190
395	394	385
190	383	394
394	383	385
394	395	396
397	398	399
193	397	386
387	386	399
193	192	397
386	397	399
193	386	180
197	196	400
402	183	389
402	400	183
400	196	183
401	400	402
389	390	542
392	403	393
392	404	420
392	199	404
184	199	392
190	394	202
202	394	205
205	394	396
205	396	405
204	405	206
407	405	406
206	405	407
407	406	409
408	407	409
408	409	410
411	412	413
414	411	415
415	411	413
209	414	415
416	209	415
209	211	414
209	416	398
397	211	398
211	209	398
211	397	192
418	197	400
418	215	197
417	215	418
400	401	418
199	198	404
420	404	419
404	216	419
216	218	419
206	407	222
222	407	408
225	222	408
227	408	410
227	225	408
227	410	421
227	421	412
229	227	412
231	412	411
208	411	414
231	229	412
231	411	208
431	236	422
422	215	417
423	422	417
422	236	215
419	424	555
424	238	425
424	419	238
419	218	238
427	239	426
427	238	239
425	238	427
239	241	426
251	250	428
250	252	428
430	252	429
439	252	430
252	237	429
431	237	236
429	237	431
422	423	431
426	432	427
434	253	433
434	426	253
426	241	253
432	426	434
433	254	435
433	253	254
254	256	435
262	261	436
436	263	437
436	261	263
439	437	428
439	438	437
437	263	428
428	263	251
428	252	439
433	440	565
440	435	441
440	433	435
441	264	442
435	256	264
435	264	441
442	265	443
442	264	265
265	266	443
443	266	444
444	267	445
444	266	267
445	268	446
445	267	268
268	262	446
447	262	436
446	262	447
436	437	448
447	436	448
437	438	448
271	449	450
271	270	449
271	450	451
273	271	451
273	451	452
274	273	452
274	452	453
275	274	453
275	453	454
276	275	454
276	454	455
277	276	455
277	455	456
278	277	456
278	456	457
279	278	457
279	457	458
282	279	458
283	458	459
283	282	458
285	460	286
286	460	461
286	461	449
270	286	449
283	459	462
288	283	462
288	462	289
289	462	463
292	464	465
292	291	464
292	465	466
293	292	466
293	466	460
285	293	460
289	463	467
294	289	467
294	467	468
295	294	468
297	468	469
297	295	468
298	470	464
291	298	464
302	301	472
471	480	472
301	304	315
472	301	473
474	297	469
474	306	297
308	475	309
309	475	476
309	476	470
298	309	470
312	311	313
477	312	478
478	313	479
478	312	313
479	313	314
480	479	314
480	314	472
472	314	302
473	301	481
481	301	315
481	315	482
482	315	316
482	317	483
482	316	317
317	319	484
483	317	484
306	474	485
321	306	485
321	485	322
322	485	486
325	487	488
325	324	487
325	488	475
308	325	475
489	327	328
490	489	328
328	312	477
490	328	477
319	329	491
484	319	491
491	329	331
492	491	331
322	486	493
333	322	493
334	493	494
334	333	493
336	495	324
324	495	487
496	338	497
496	337	338
338	327	489
497	338	489
331	339	498
492	331	498
498	340	499
498	339	340
342	334	494
500	342	494
343	501	336
336	501	495
345	337	496
502	345	496
340	503	499
340	347	503
348	342	500
504	348	500
349	505	343
343	505	501
506	351	502
502	351	345
347	353	507
503	347	507
354	348	504
508	354	504
355	509	349
349	509	505
363	357	510
510	357	506
357	351	506
511	510	506
353	358	359
507	353	512
353	359	512
512	359	519
360	354	508
514	360	508
355	515	509
355	361	515
356	357	363
517	510	516
363	510	517
364	363	517
366	518	519
359	366	519
367	366	359
512	519	513
368	360	514
520	368	514
369	521	515
361	369	515
522	371	364
517	522	364
366	373	518
518	373	523
374	368	520
524	374	520
376	525	369
369	525	521
526	377	371
522	526	371
378	527	523
373	378	523
380	374	524
528	380	524
382	529	525
376	382	525
377	526	530
531	377	530
384	377	531
385	384	531
387	532	533
378	387	533
378	533	527
378	388	387
390	380	528
534	390	528
529	391	535
529	382	391
391	393	536
535	391	536
395	385	537
537	385	531
395	537	538
545	395	538
398	416	540
399	398	540
532	399	540
532	387	399
401	402	542
541	401	542
542	390	534
542	402	389
393	403	536
536	403	543
403	392	420
543	403	544
396	395	545
406	396	545
406	545	546
406	405	396
409	406	546
547	409	546
556	547	548
410	409	547
413	421	550
413	412	421
415	413	551
551	413	550
416	551	552
416	415	551
416	552	539
540	416	539
417	418	554
553	417	554
418	401	554
554	401	541
420	555	544
403	420	544
410	547	556
421	410	556
421	556	549
550	421	549
423	417	553
557	423	553
555	424	558
555	420	419
424	425	558
558	425	559
425	427	432
559	425	560
430	429	562
561	430	562
562	429	563
563	429	431
563	423	557
563	431	423
425	432	560
560	432	564
432	434	565
564	432	565
438	439	567
566	438	567
439	430	567
567	430	561
565	440	568
565	434	433
440	441	569
568	440	569
441	442	570
569	441	570
442	443	571
570	442	571
443	444	572
571	443	572
444	445	573
572	444	573
445	446	574
573	445	574
446	447	575
574	446	575
447	448	576
575	447	576
750	438	566
576	448	438
449	577	450
450	577	578
451	450	578
451	578	579
452	451	579
452	579	580
453	580	581
453	452	580
454	581	582
454	453	581
454	582	455
455	582	583
456	583	584
456	455	583
586	584	585
586	457	584
457	456	584
458	586	587
458	457	586
458	587	459
460	598	461
590	588	589
577	461	588
577	588	590
577	449	461
578	590	591
578	577	590
578	591	579
586	585	592
587	592	593
587	586	592
459	587	593
595	594	593
594	459	593
594	462	459
462	594	463
464	596	465
465	596	605
466	465	597
466	597	598
466	598	460
588	598	599
461	598	588
588	599	589
594	595	600
601	463	600
600	463	594
467	463	601
603	601	602
603	468	467
603	467	601
468	603	469
596	604	784
596	464	470
596	470	604
465	605	597
606	609	608
607	609	471
607	608	609
471	472	473
610	471	611
607	471	610
471	473	611
613	611	612
611	473	612
612	614	615
613	612	615
614	616	615
603	602	617
617	469	603
617	618	469
618	474	469
475	619	476
604	476	620
620	476	619
470	476	604
621	622	623
477	478	624
622	621	624
621	477	624
478	479	606
608	788	606
624	478	606
606	479	609
609	479	480
480	471	609
473	481	612
481	482	614
612	481	614
482	483	614
616	483	625
614	483	616
483	484	625
625	484	626
625	626	627
626	628	627
474	618	485
630	618	629
485	618	630
485	630	486
487	631	488
488	631	632
633	619	632
619	488	632
619	475	488
619	633	620
634	635	636
489	490	634
634	490	621
634	621	623
635	634	623
490	477	621
484	491	626
491	492	626
638	492	637
626	492	638
628	626	638
637	639	638
630	629	640
642	630	640
642	486	630
641	486	642
641	493	486
493	641	494
487	643	631
487	495	643
631	643	650
632	631	644
496	497	645
636	497	634
645	497	636
497	489	634
492	498	637
637	499	646
639	637	646
637	498	499
641	642	648
647	641	648
647	494	641
647	500	494
643	649	650
643	495	649
495	501	649
631	650	644
660	652	653
502	496	651
652	651	645
651	496	645
503	654	655
499	503	655
499	655	646
654	656	655
647	648	657
657	658	647
647	658	500
658	504	500
501	659	649
501	505	659
660	653	661
660	651	652
660	502	651
660	506	502
507	662	654
503	507	654
656	654	663
663	654	662
664	504	658
664	508	504
509	665	505
505	665	659
516	511	666
661	511	660
666	511	661
511	506	660
507	512	662
662	513	667
663	662	667
662	512	513
514	508	668
668	508	664
509	669	665
509	515	669
510	511	516
516	666	670
516	670	671
516	671	517
518	672	519
513	672	673
667	513	673
513	519	672
674	514	668
674	520	514
515	675	669
515	521	675
671	670	677
676	671	677
676	522	671
671	522	517
518	678	672
518	523	678
672	678	679
673	672	679
680	520	674
680	524	520
521	681	682
521	525	681
521	682	675
681	683	682
676	677	684
526	522	676
684	685	676
685	526	676
678	686	687
678	523	686
523	527	686
678	687	679
688	689	690
528	524	689
689	524	680
688	528	689
529	691	681
525	529	681
683	691	692
683	681	691
694	530	693
530	526	685
530	685	693
530	694	531
532	695	533
686	527	696
696	533	695
527	533	696
697	534	698
698	688	690
534	528	688
698	534	688
529	535	691
535	536	699
700	692	699
691	535	692
692	535	699
699	701	700
694	693	702
537	694	703
704	703	702
537	531	694
703	694	702
537	703	538
539	705	540
540	705	532
707	695	706
532	705	695
695	705	706
695	707	696
708	697	710
709	710	697
698	709	697
534	541	542
697	708	541
541	534	697
536	543	699
543	544	711
701	543	711
699	543	701
703	704	712
713	538	712
712	538	703
545	538	713
715	713	714
715	546	545
715	545	713
547	546	716
716	546	715
547	716	548
549	717	550
550	717	718
551	550	718
551	718	552
552	718	719
552	719	720
705	539	721
539	552	720
539	720	721
705	721	706
553	554	708
722	553	708
722	708	710
554	541	708
711	723	724
544	555	723
544	723	711
723	725	724
715	714	726
716	726	727
716	715	726
548	716	727
728	548	727
549	548	728
556	548	549
717	728	729
549	728	717
717	729	730
718	717	730
718	730	719
731	732	733
557	553	722
732	557	722
731	557	732
555	558	723
558	559	725
725	559	734
723	558	725
559	560	735
734	559	735
734	735	736
735	737	736
738	739	740
561	562	741
738	561	741
738	741	739
562	563	731
733	741	731
741	562	731
563	557	731
560	564	735
564	565	568
743	737	742
735	564	742
737	735	742
743	744	745
743	742	744
744	746	745
747	748	749
748	750	751
748	747	750
566	567	561
740	751	738
750	566	751
751	566	738
566	561	738
564	568	742
568	569	744
742	568	744
569	570	746
746	570	752
744	569	746
752	571	753
752	570	571
753	572	754
753	571	572
572	573	754
754	573	755
755	574	756
755	573	574
749	756	747
747	756	575
756	574	575
747	576	750
747	575	576
576	438	750
579	757	580
580	757	758
581	580	758
581	758	759
582	581	759
582	759	760
583	582	760
583	760	761
584	583	761
584	761	585
589	762	590
591	762	763
591	590	762
757	763	764
757	591	763
579	591	757
758	764	765
758	757	764
758	765	759
759	765	766
759	766	760
760	766	767
760	767	761
761	767	768
585	761	768
769	585	768
592	585	769
592	769	770
593	592	770
593	770	595
597	771	599
599	771	772
599	598	597
589	772	773
589	599	772
589	773	762
762	773	774
763	762	774
763	774	775
764	763	775
764	775	776
765	764	776
765	776	777
766	765	777
766	777	778
767	766	778
768	778	779
768	767	778
768	779	769
769	779	780
769	780	770
770	780	781
595	770	781
782	595	781
600	595	782
600	782	783
601	600	783
601	783	602
596	784	605
605	784	785
771	605	785
597	605	771
771	785	786
772	771	786
772	786	787
773	772	787
773	787	788
774	773	788
608	607	775
774	608	775
788	608	774
607	610	776
775	607	776
610	611	777
776	610	777
777	613	778
777	611	613
778	613	779
779	613	615
615	616	780
780	616	789
779	615	780
780	789	781
781	789	790
781	790	782
782	790	791
782	791	783
783	791	792
602	783	792
793	602	792
617	602	793
617	793	629
620	794	784
604	620	784
784	794	795
785	784	795
785	795	796
786	785	796
786	622	787
786	623	622
796	623	786
622	624	788
787	622	788
624	606	788
616	625	789
789	627	790
789	625	627
790	628	791
791	628	797
790	627	628
791	797	792
792	797	798
792	798	793
793	798	799
629	618	617
799	629	793
632	800	633
633	800	801
794	633	801
620	633	794
794	801	802
795	794	802
802	635	795
795	635	796
802	636	635
635	623	796
628	638	797
798	639	803
798	797	639
797	638	639
798	803	799
799	803	804
640	799	804
640	629	799
640	804	805
640	805	642
644	806	800
632	644	800
800	806	807
801	800	807
801	807	808
802	801	808
808	636	802
808	645	636
639	646	803
803	646	809
803	809	804
804	809	810
804	810	805
805	810	811
648	642	805
811	648	805
649	812	650
650	812	813
806	644	813
644	650	813
806	813	814
653	806	814
653	652	807
807	652	808
806	653	807
652	645	808
646	655	809
809	656	810
810	656	815
809	655	656
810	815	811
811	815	816
657	811	816
657	648	811
657	816	817
657	817	658
659	818	812
649	659	812
812	818	819
813	812	819
813	819	814
814	819	820
820	661	814
814	661	653
656	663	815
815	663	821
815	821	822
816	815	822
816	822	817
817	822	823
664	658	817
823	664	817
665	824	818
659	665	818
818	824	825
819	818	825
819	825	820
820	825	826
826	666	820
820	666	661
663	667	821
821	667	827
821	827	828
822	821	828
822	828	823
823	828	829
668	664	823
829	668	823
669	830	824
665	669	824
824	830	831
825	824	831
825	831	826
826	831	832
670	666	826
832	670	826
673	833	827
667	673	827
827	833	834
828	827	834
828	834	829
829	834	835
674	668	829
835	674	829
675	682	830
669	675	830
830	836	837
831	830	837
831	837	832
832	837	838
677	670	832
838	677	832
679	839	833
673	679	833
833	839	840
834	833	840
835	840	841
835	834	840
680	674	835
841	680	835
830	682	836
837	836	842
842	836	683
836	682	683
837	842	838
838	842	843
684	838	843
684	677	838
684	843	844
684	844	685
686	845	687
687	845	846
839	687	846
679	687	839
839	846	847
840	839	847
690	689	841
840	847	841
847	690	841
689	680	841
683	848	842
683	692	848
842	848	843
843	848	849
843	849	844
844	849	850
693	685	844
850	693	844
696	851	845
686	696	845
845	851	852
846	845	852
846	852	853
847	846	853
853	690	847
853	698	690
692	700	848
849	700	854
854	700	701
848	700	849
849	854	850
850	854	855
856	850	855
702	693	850
702	850	856
702	856	704
706	857	707
707	857	858
851	707	858
696	707	851
851	858	859
852	851	859
852	709	853
852	859	709
859	710	709
709	698	853
701	860	854
701	711	860
854	860	855
855	860	861
855	861	856
856	861	862
704	856	862
863	704	862
712	704	863
712	863	864
713	712	864
713	864	714
719	865	720
721	720	866
866	720	865
721	866	867
706	721	867
706	867	857
857	867	882
858	857	868
858	868	869
859	858	869
869	710	859
869	722	710
711	724	860
724	725	870
861	724	870
860	724	861
861	870	862
862	870	871
862	871	863
863	871	872
863	872	864
864	872	873
714	864	873
874	714	873
726	714	874
726	874	875
727	726	875
727	875	876
728	727	876
729	876	877
729	728	876
730	729	878
878	729	877
730	878	879
719	730	879
719	879	865
865	879	880
866	865	880
866	880	881
867	866	881
867	881	882
868	857	882
733	732	868
868	732	869
882	733	868
732	722	869
725	734	870
870	736	871
870	734	736
872	737	883
872	736	737
871	736	872
872	883	873
873	883	884
873	884	874
874	884	885
874	885	875
875	885	886
875	886	876
876	886	887
876	887	877
877	887	888
877	888	889
878	877	889
878	889	890
879	878	890
879	890	891
880	879	891
880	740	881
881	740	739
891	740	880
739	741	733
881	739	882
739	733	882
737	743	883
883	745	884
883	743	745
745	746	892
885	884	892
884	745	892
885	892	893
886	885	893
886	893	894
887	886	894
887	894	895
888	887	895
888	895	896
889	888	896
889	749	890
890	749	748
896	749	889
748	751	891
890	748	891
751	740	891
746	752	892
752	753	893
892	752	893
753	754	894
893	753	894
754	755	895
894	754	895
755	756	896
895	755	896
756	749	896
